0 4126 1
0 3453 3
0 4543 3
0 4543 1
1 8072 1
1 2257 1
1 9558 1
2 2146 1
2 3582 2
2 5595 1
2 2269 1
2 5616 1
2 2460 1
2 1462 1
2 3700 1
2 8282 1
2 727 1
2 727 1
2 8110 1
3 1639 1
3 4109 1
3 118 1
3 330 1
3 9894 1
3 118 1
4 5002 1
4 5002 1
4 2858 1
4 87 1
5 7844 2
5 2858 1
5 10360 1
6 4594 1
6 5850 1
6 9113 1
6 8126 1
6 9288 1
6 11189 1
6 8612 1
6 8612 1
6 8149 1
6 8612 1
6 11189 1
6 11189 1
6 3908 1
6 10240 1
6 9835 1
6 977 1
6 977 1
6 5052 1
6 9630 1
6 9630 1
6 5556 1
6 5052 1
6 3322 1
6 961 1
6 4930 1
6 149 3
6 2969 1
6 3124 3
6 11451 1
6 4930 1
6 5052 1
6 11122 1
7 9422 2
7 7844 1
7 10954 1
7 8256 1
8 7399 1
8 7718 1
8 380 1
9 330 1
9 1396 1
9 9890 1
10 4109 2
10 3453 1
10 2373 1
11 9201 1
11 9201 1
11 9201 1
12 330 1
12 10427 1
13 4859 1
13 3097 1
13 6200 1
13 3097 1
13 4859 1
13 6727 1
13 8186 1
13 1426 1
13 6200 1
13 10472 1
13 3553 1
14 5803 2
14 11307 1
14 4180 1
14 4762 2
14 4829 2
14 724 2
14 11065 2
14 5002 2
14 5953 1
14 8488 1
14 4499 1
14 4345 1
15 4928 2
15 7042 1
15 7042 2
16 10871 1
16 2460 1
16 7560 2
16 5047 2
16 7042 1
16 630 1
17 6530 1
17 4564 1
17 2777 1
17 4564 1
17 2406 1
17 6530 1
17 4746 1
17 2777 1
17 3644 1
17 7244 1
17 6101 1
17 2146 1
17 4122 1
17 11309 1
17 7311 1
17 7102 1
17 4459 1
17 10470 1
17 10470 1
17 2777 1
17 8629 1
17 6530 1
17 4564 1
17 2777 1
17 9349 1
17 2942 1
17 727 1
17 8158 1
17 2190 1
17 6508 1
17 9806 1
17 5651 1
17 6541 1
17 2146 1
17 1412 1
17 8711 1
17 4873 1
17 2406 1
17 727 1
17 6044 1
17 356 1
18 7042 1
18 7339 1
18 6909 1
19 7042 1
19 7042 2
20 8708 1
20 5514 1
21 1152 1
21 1152 1
21 10401 1
22 3432 1
22 3124 1
22 10583 1
22 5556 1
22 2969 1
22 11451 1
22 7932 1
22 11122 3
22 3124 3
22 1574 3
23 4859 1
23 6727 1
23 11037 1
24 5434 1
24 7342 1
24 8853 1
25 2686 1
25 10106 1
26 8676 1
26 5786 1
26 10376 1
26 8961 1
26 1634 1
27 4254 1
27 6035 1
27 3970 1
27 9124 1
27 8737 1
27 64 1
27 8737 1
27 417 1
27 8737 1
27 64 1
27 8424 1
27 7088 1
27 6169 1
27 3162 1
27 6169 2
27 10652 1
27 8737 1
27 3657 1
28 6769 1
28 948 1
28 5839 1
28 406 1
29 9670 1
29 11383 1
29 4109 1
30 9201 2
30 4883 2
30 11092 1
30 2625 1
30 4778 2
30 9055 2
30 9077 2
30 7058 1
30 3773 1
30 10688 1
30 11344 2
30 8135 1
30 724 1
30 6325 2
30 9887 2
30 396 1
30 7081 1
30 10443 1
30 1728 1
30 2441 1
30 7829 1
30 6532 1
30 2538 1
30 5451 1
30 7879 1
30 9887 1
30 6957 1
30 879 1
30 9915 1
30 7081 1
30 3685 1
30 9201 1
30 9201 1
30 2081 2
30 3869 2
30 4888 2
30 3097 1
31 11383 1
31 2406 1
31 4109 1
31 6885 1
31 3307 1
32 2045 2
32 1997 2
32 5956 1
32 4280 2
32 2028 1
32 2618 2
32 1700 1
32 4835 2
32 2685 1
32 758 1
32 3234 2
32 9718 2
32 3106 2
32 518 2
32 9201 2
32 1066 2
32 7357 1
32 3210 2
32 6272 1
32 6272 2
32 518 1
32 518 2
32 9201 1
32 3210 1
32 2210 2
32 9756 2
32 10156 2
32 902 1
32 1853 2
32 1714 2
32 78 2